<?xml version="1.0"?>
<opencv_storage>
<bindices type_id="opencv-matrix">
  <rows>233</rows>
  <cols>5</cols>
  <dt>i</dt>
  <data>
    375 378 398 449 599 375 378 398 449 599 375 378 398 449 599 375 378
    398 449 599 375 378 398 449 599 375 378 398 449 599 375 378 398 449
    599 375 378 398 449 599 375 378 398 449 599 375 378 398 449 599 338
    398 449 616 703 338 398 449 616 703 338 398 449 616 703 338 398 449
    616 703 338 398 449 616 703 338 398 449 616 703 338 398 449 616 703
    338 398 449 616 703 338 398 449 616 703 338 398 449 616 703 338 398
    449 616 703 375 398 449 584 703 375 398 449 584 703 375 398 449 584
    703 375 398 449 584 703 375 398 449 584 703 375 398 449 584 703 375
    398 449 584 703 375 398 449 584 703 375 398 449 584 703 375 398 449
    584 703 375 398 449 584 703 375 398 449 584 703 375 398 449 584 703
    375 398 449 584 703 375 398 449 584 703 375 398 449 584 703 398 405
    449 824 825 398 405 449 824 825 398 405 449 824 825 398 405 449 824
    825 398 405 449 824 825 398 405 449 824 825 398 405 449 824 825 398
    405 449 824 825 398 405 449 824 825 398 405 449 824 825 398 405 449
    824 825 398 405 449 824 825 375 398 449 824 825 375 398 449 824 825
    375 398 449 824 825 375 398 449 824 825 375 398 449 824 825 375 398
    449 824 825 375 398 449 824 825 375 398 449 824 825 375 398 449 824
    825 375 398 449 824 825 375 398 449 824 825 375 398 449 824 825 340
    398 449 600 666 340 398 449 600 666 340 398 449 600 666 340 398 449
    600 666 340 398 449 600 666 340 398 449 600 666 340 398 449 600 666
    340 398 449 600 666 340 398 449 600 666 340 375 398 449 666 340 375
    398 449 666 340 375 398 449 666 340 375 398 449 666 340 375 398 449
    666 340 375 398 449 666 340 375 398 449 666 340 375 398 449 666 340
    375 398 449 666 340 375 398 449 666 340 375 398 449 666 340 375 398
    449 666 340 375 398 449 666 340 375 398 449 666 340 375 398 449 666
    340 375 398 449 666 340 375 398 449 666 340 375 398 449 666 340 375
    398 449 666 340 375 398 449 666 340 375 398 449 666 340 375 398 449
    666 340 375 398 449 666 340 375 398 449 666 340 375 398 449 666 340
    375 398 449 666 340 375 398 449 666 340 375 398 449 666 340 375 398
    449 666 340 375 398 449 666 340 375 398 449 666 340 375 398 449 666
    340 375 398 449 666 340 375 398 449 666 340 375 398 449 666 340 375
    398 449 666 340 375 398 449 666 340 375 398 449 666 340 375 398 449
    666 340 375 398 449 666 340 375 398 449 823 340 375 398 449 823 340
    375 398 449 823 340 375 398 449 823 340 375 398 449 823 340 375 398
    449 823 340 375 398 449 823 340 375 398 449 823 340 375 398 449 823
    340 375 398 449 823 340 375 398 449 823 340 375 398 449 823 340 375
    398 449 823 340 375 398 449 823 340 375 398 449 823 340 375 398 449
    823 340 375 398 449 823 340 375 398 449 823 340 375 398 449 823 340
    375 398 449 823 340 375 398 449 823 340 375 398 449 823 340 375 398
    449 823 340 375 398 449 823 340 375 398 449 823 340 375 398 449 823
    340 375 398 449 823 340 375 398 449 823 340 375 398 449 823 340 375
    398 449 823 340 375 398 449 823 340 375 398 449 823 340 375 398 449
    823 340 375 398 449 823 340 375 398 449 823 340 375 398 449 823 340
    375 398 449 823 340 375 398 449 823 340 375 398 449 823 340 375 398
    449 823 340 375 398 449 823 340 375 398 449 823 340 375 398 449 823
    340 375 398 449 823 340 375 398 449 823 340 375 398 449 823 340 375
    398 449 823 340 375 398 449 823 340 375 398 449 823 340 375 398 449
    823 340 375 398 449 823 340 375 398 449 823 340 375 398 449 823 340
    375 398 449 823 340 375 398 449 823 340 375 398 449 823 340 375 398
    449 823 340 375 398 449 823 340 375 398 449 823 340 375 398 449 823
    340 375 398 449 823 340 375 398 449 823 340 375 398 449 823 340 375
    398 449 823 340 375 398 449 823 340 375 398 449 823 340 375 398 449
    823 340 375 398 449 823 340 375 398 449 823 340 375 398 449 823 340
    375 398 449 823 340 375 398 449 823 340 375 398 449 823 340 375 398
    449 823 340 375 398 449 823 340 375 398 449 823 340 375 398 449 823
    340 375 398 449 823 340 375 398 449 823 340 375 398 449 823 340 375
    398 449 823 340 375 398 449 823 340 375 398 449 823 340 375 398 449
    823 340 375 398 449 823 340 375 398 449 823 340 375 398 449 823 340
    375 398 449 823 340 375 398 449 823 340 375 398 449 823 340 375 398
    449 823 340 375 398 449 823 340 375 398 449 823 340 375 398 449 823
    340 375 398 449 823 340 375 398 449 823 340 375 398 449 823 340 375
    398 449 823 340 375 398 449 823 340 375 398 449 823 340 375 398 449
    823 340 375 398 449 823 340 375 398 449 823 340 375 398 449 823 340
    375 398 449 823 340 375 398 449 823 340 375 398 449 823 340 375 398
    449 823 340 375 398 449 823 340 375 398 449 823 340 375 398 449 823
    119 375 398 449 823 119 375 398 449 823 119 375 398 449 823 119 375
    398 449 823 119 375 398 449 823 119 375 398 449 823 119 375 398 449
    823 119 375 398 449 823 119 375 398 449 823 119 375 398 449 823 119
    375 398 449 823 119 375 398 449 823</data></bindices>
